500 500 500
500 500 500
500 500 500
500 500 500
500 500 500
500 500 500
500 500 500
500 500 500
500 500 500
500 500 500
500 500 500
500 500 500
500 500 500
500 500 500
500 500 500
500 500 500
500 500 500
500 500 500
500 500 500
500 500 500
500 500 500
500 500 500
500 500 500
500 500 500
500 500 500
500 500 500
500 500 500
500 500 500
500 500 500
500 500 500
500 500 500
500 500 500
500 500 500
500 500 500
500 500 500
500 500 500
499 500 499
498 500 499
498 499 497
486 500 499
479 498 500
469 493 499
449 489 498
422 487 496
385 472 495
359 451 486
323 419 481
274 394 469
237 338 444
186 308 400
134 262 382
104 207 345
76 151 293
48 126 245
34 91 173
24 67 160
13 47 97
7 28 80
5 30 58
2 9 35
